jams-starter/src/main/dist/data/j2k_gehlberg/input/local/gis/dgm_gera.asc
ncols         198
nrows         201
xllcorner     4409750
yllcorner     5613575
cellsize      25
NODATA_value  -9999
[rows 30 to 59 of 201, columns 132 to 197 of 198]
-9999 -9999 -9999 -9999 -9999 -9999 -9999 -9999 -9999 -9999 -9999 -9999 -9999 -9999 -9999 -9999 -9999 -9999 -9999 -9999 -9999 -9999 -9999 -9999 -9999 -9999 -9999 -9999 -9999 -9999 -9999 -9999 -9999 -9999 701.3052 -9999 -9999 -9999 -9999 -9999 -9999 -9999 -9999 -9999 -9999 -9999 -9999 -9999 -9999 -9999 -9999 -9999 -9999 -9999 -9999 -9999 -9999 -9999 -9999 -9999 -9999 -9999 -9999 -9999 -9999 -9999
-9999 -9999 -9999 -9999 -9999 -9999 -9999 -9999 -9999 -9999 -9999 -9999 -9999 -9999 -9999 -9999 -9999 -9999 -9999 -9999 -9999 -9999 -9999 -9999 -9999 -9999 -9999 -9999 -9999 -9999 -9999 694.733 696.1012 698.7875 700.5648 700.953 699.9038 -9999 -9999 -9999 -9999 -9999 -9999 -9999 -9999 -9999 -9999 -9999 -9999 -9999 -9999 -9999 -9999 -9999 -9999 -9999 -9999 -9999 -9999 -9999 -9999 -9999 -9999 -9999 -9999 -9999
-9999 -9999 -9999 -9999 -9999 -9999 -9999 -9999 -9999 -9999 -9999 -9999 -9999 -9999 -9999 -9999 -9999 -9999 -9999 -9999 -9999 -9999 -9999 -9999 -9999 -9999 -9999 -9999 695.0067 694.3405 693.9703 694.0366 694.8398 696.5729 698.6091 699.1306 698.0519 696.4063 693.6964 689.7347 685.3839 681.2428 -9999 -9999 -9999 -9999 -9999 -9999 -9999 -9999 -9999 -9999 -9999 -9999 -9999 -9999 -9999 -9999 -9999 -9999 -9999 -9999 -9999 -9999 -9999 -9999
-9999 -9999 -9999 -9999 -9999 -9999 -9999 -9999 -9999 -9999 -9999 -9999 -9999 -9999 -9999 -9999 -9999 -9999 -9999 -9999 -9999 -9999 -9999 -9999 -9999 -9999 -9999 697.4283 695.5565 694.4963 693.5143 692.8358 692.8458 693.7371 695.0457 695.502 694.5234 693.4368 690.9207 687.3671 683.4201 679.4108 675.8821 -9999 -9999 -9999 -9999 -9999 -9999 -9999 -9999 -9999 -9999 -9999 -9999 -9999 -9999 -9999 -9999 -9999 -9999 -9999 -9999 -9999 -9999 -9999
-9999 -9999 -9999 -9999 -9999 -9999 -9999 -9999 -9999 -9999 -9999 -9999 -9999 -9999 -9999 -9999 -9999 -9999 -9999 -9999 -9999 -9999 -9999 -9999 -9999 -9999 700.1069 698.6411 696.6268 694.8171 692.7968 691.0095 689.8991 689.8168 690.4858 691.0997 690.6177 689.1658 686.737 683.4494 679.7841 676.1469 673.0447 670.2682 -9999 -9999 -9999 -9999 -9999 -9999 -9999 -9999 -9999 -9999 -9999 -9999 -9999 -9999 -9999 -9999 -9999 -9999 -9999 -9999 -9999 -9999
-9999 -9999 -9999 -9999 -9999 -9999 -9999 -9999 -9999 -9999 -9999 -9999 -9999 -9999 -9999 -9999 -9999 -9999 -9999 -9999 -9999 -9999 -9999 -9999 -9999 702.625 701.2972 699.6663 697.2603 694.7053 691.6112 688.5448 686.0609 684.7729 684.5476 684.7176 684.3972 683.2222 681.1492 678.116 675.0316 671.9802 669.2979 666.7443 664.2798 -9999 -9999 -9999 -9999 -9999 -9999 -9999 -9999 -9999 -9999 -9999 -9999 -9999 -9999 -9999 -9999 -9999 -9999 -9999 -9999 -9999
-9999 -9999 -9999 -9999 -9999 -9999 -9999 -9999 -9999 -9999 -9999 -9999 -9999 -9999 -9999 -9999 -9999 -9999 -9999 -9999 -9999 -9999 -9999 -9999 704.9019 703.439 701.864 699.9038 697.1102 694.0317 689.9908 685.7571 681.9663 679.1711 677.8117 677.3245 676.8909 675.8683 674.3087 672.1134 669.7107 667.2044 665.0565 662.871 660.4227 657.308 -9999 -9999 -9999 -9999 -9999 -9999 -9999 -9999 -9999 -9999 -9999 -9999 -9999 -9999 -9999 -9999 -9999 -9999 -9999 -9999
-9999 -9999 -9999 -9999 -9999 -9999 -9999 -9999 -9999 -9999 -9999 -9999 -9999 -9999 -9999 -9999 -9999 -9999 -9999 -9999 -9999 -9999 -9999 706.9079 705.1861 703.5164 701.6364 699.391 696.2832 692.6437 687.9435 682.9736 678.0673 674.1381 671.3358 669.693 668.9538 667.9864 666.9752 665.6982 664.1595 662.3499 660.5371 658.5276 655.9611 652.6771 648.6197 -9999 -9999 -9999 -9999 -9999 -9999 -9999 -9999 -9999 -9999 -9999 -9999 -9999 -9999 -9999 -9999 -9999 -9999 -9999
-9999 762.4257 761.9401 761.2946 760.3154 758.9089 757.0861 754.9341 752.3768 -9999 -9999 -9999 -9999 -9999 -9999 -9999 -9999 -9999 -9999 -9999 -9999 -9999 709.2451 707.3497 705.2 702.9603 700.4394 697.6025 694.1548 690.0203 685.1807 679.8977 674.5386 669.3654 664.9188 661.827 660.6271 660.013 659.6624 659.1675 658.3163 657.1221 655.6156 653.7366 650.9349 647.2914 642.8611 637.8306 -9999 -9999 -9999 -9999 -9999 -9999 -9999 -9999 -9999 -9999 -9999 -9999 -9999 -9999 -9999 -9999 -9999 -9999
762.9731 762.1372 761.295 760.2686 758.9301 757.2251 755.1915 753.0188 750.4819 747.3748 743.9409 739.8156 735.4728 -9999 -9999 -9999 -9999 -9999 -9999 -9999 713.2972 711.5958 709.6088 707.3326 704.7367 701.6973 698.4305 694.7551 690.8073 686.5316 681.886 676.698 671.0092 664.7733 658.8001 654.3511 652.2569 651.8895 652.1609 652.394 652.16 651.5339 650.3331 648.4711 645.4321 641.5118 636.6975 631.6122 626.4112 -9999 -9999 -9999 -9999 -9999 -9999 -9999 -9999 -9999 -9999 -9999 -9999 -9999 -9999 -9999 -9999 -9999
761.827 760.6617 759.3942 757.8546 755.9708 753.7825 751.4207 749.2527 747.0313 744.1417 740.8879 737.229 733.3981 729.5502 726.1304 723.4459 720.8163 718.4076 716.4188 715.0654 713.5244 711.5948 709.2416 706.4567 703.2041 699.2319 695.0255 690.7507 686.5313 682.4001 677.9666 672.9131 666.9344 660.208 653.2442 647.5993 644.2397 643.5397 644.1265 645.0366 645.5403 645.5446 644.7685 642.9442 639.807 635.6215 630.6881 625.475 620.3446 614.7772 -9999 -9999 -9999 -9999 -9999 -9999 -9999 -9999 -9999 -9999 -9999 -9999 -9999 -9999 -9999 -9999
758.9787 757.5713 755.8333 753.6128 750.942 747.934 745.0853 742.7827 740.8463 738.4652 735.7062 732.5594 729.2289 726.1098 723.6866 721.7971 719.9606 718.0969 716.3512 714.9063 713.1523 710.9139 708.0779 704.5764 700.3187 695.5557 690.6877 685.9753 681.6388 677.5519 673.2222 668.2175 662.2515 655.2421 647.8523 641.2068 636.8864 635.2582 635.8363 637.4065 638.8949 639.6697 639.2942 637.4896 634.4976 630.2368 625.138 619.7227 614.5633 608.9363 602.2784 -9999 -9999 -9999 -9999 -9999 -9999 -9999 -9999 -9999 -9999 -9999 -9999 -9999 -9999 -9999
754.1719 752.4912 750.2125 747.0671 743.3804 739.5614 736.1191 733.562 731.9939 730.3679 728.2613 725.5911 723.1223 721.1069 719.8448 719.0292 718.1008 716.8311 715.3029 713.9166 712.109 709.6113 706.2887 702.0528 696.9249 691.4507 685.989 680.8915 676.2721 672.0709 667.6046 662.7332 656.8256 649.8856 642.3098 635.1639 629.9418 627.706 628.1742 630.3123 632.7025 634.2809 634.4578 632.9233 629.8985 625.5048 620.2267 614.5933 609.0889 603.1066 595.9711 587.7235 -9999 -9999 -9999 -9999 -9999 -9999 -9999 -9999 -9999 -9999 -9999 -9999 -9999 -9999
747.1548 744.978 742.1722 738.3975 734.0543 729.5701 725.5392 722.6424 721.1935 720.0798 718.5743 716.6178 715.0888 714.3489 714.4734 715.0121 715.1496 714.6063 713.5405 712.2675 710.5051 707.8311 704.1095 699.2776 693.5628 687.39 681.436 675.9038 670.9188 666.3035 661.7027 656.7139 650.9081 643.9969 636.3927 629.1124 623.4892 620.7905 621.4889 624.0697 627.0103 629.3529 630.1084 628.8646 625.826 621.1964 615.468 609.2642 603.3683 596.902 589.1509 580.4307 571.4589 -9999 -9999 -9999 -9999 -9999 -9999 -9999 -9999 -9999 -9999 -9999 -9999 -9999
737.8416 735.386 732.3599 728.4224 723.7404 718.7887 714.2471 710.9455 709.2922 708.4608 707.4807 706.3544 705.723 706.1083 707.5744 709.5569 710.7548 710.904 710.5776 709.7627 708.3734 705.677 701.5704 696.3091 690.1764 683.6565 677.3173 671.4655 666.0675 661.0205 656.0238 650.7758 644.8137 637.8749 630.3533 623.0391 617.366 614.7567 615.6818 618.7911 622.3147 625.1086 626.2279 625.0276 621.8881 616.766 610.4169 603.2825 596.9747 589.7792 581.6042 573.028 564.9259 558.6454 -9999 -9999 -9999 -9999 -9999 -9999 -9999 -9999 -9999 -9999 -9999 -9999
726.9471 724.5477 721.5912 717.7925 713.0979 707.9641 703.1078 699.3359 697.2345 696.3928 695.8943 695.6014 695.8464 697.1142 699.4743 702.1468 704.1876 705.5286 706.4153 706.4159 705.8447 703.4703 699.1869 693.5781 687.0211 680.2267 673.9081 667.8242 662.1278 656.5552 651.0598 645.3575 639.0148 631.8916 624.2482 617.0814 611.7692 609.0693 610.4119 614.0789 617.9886 620.9986 622.2305 620.7908 616.9106 611.3099 604.5345 597.2142 589.8204 581.9575 574.0353 566.6213 560.4071 558.0157 -9999 -9999 -9999 -9999 -9999 -9999 -9999 -9999 -9999 -9999 -9999 -9999
715.1462 712.9789 710.2235 706.6953 702.3939 697.4874 692.4426 688.1162 685.4307 684.4354 684.2872 684.6379 685.5951 687.4902 690.3953 693.468 696.2635 698.8895 701.3341 702.7324 702.6656 700.2917 696.099 690.5428 684.1306 677.4468 671.1921 665.1073 659.1075 653.1259 647.0699 640.7524 633.8561 626.3699 618.6744 611.9055 607.7593 604.2091 605.3635 609.2903 613.265 616.0036 616.5879 614.5026 610.0501 603.9242 596.9431 589.5035 581.7991 574.2185 567.3016 562.455 559.4895 558.938 -9999 -9999 -9999 -9999 -9999 -9999 -9999 -9999 -9999 -9999 -9999 -9999
702.8065 700.9368 698.4072 695.2412 691.5259 687.077 682.0106 677.3507 674.0725 672.8334 672.8715 673.6473 675.0706 677.329 680.4547 683.7723 687.2153 690.8632 694.3328 696.8633 697.4962 695.7121 692.0676 686.8049 680.7706 674.504 668.434 662.5006 656.3984 650.2878 643.9164 636.9796 629.5597 621.9111 614.1575 607.1008 602.1553 599.2955 599.9052 603.4624 607.4456 609.6866 609.4041 606.3987 601.1159 594.67 587.8364 580.8682 574.0687 567.7371 562.7437 561.1077 561.4646 563.9633 568.7446 -9999 -9999 -9999 -9999 -9999 -9999 -9999 -9999 -9999 -9999 -9999
690.2436 688.5286 686.135 683.2838 680.1304 676.3055 671.5236 666.6841 663.0093 661.371 661.4384 662.4518 664.157 666.6371 669.8387 673.3747 677.3365 681.5489 685.606 688.9424 690.2719 689.2222 686.3156 681.8251 676.2729 670.4686 664.722 659.0148 653.1891 647.1707 640.765 633.7421 626.2424 618.5858 610.9811 603.809 598.2485 594.6569 594.2921 596.6897 599.848 601.2749 600.1176 596.3069 590.5613 584.293 578.3924 572.9138 568.3415 564.8708 562.9338 563.482 566.1266 570.7438 576.9886 583.741 -9999 -9999 -9999 -9999 -9999 -9999 -9999 -9999 -9999 -9999
677.3231 675.5507 673.1527 670.6104 668.0018 664.9268 660.66 655.9066 652.018 649.9063 649.6878 650.7227 652.5479 655.1657 658.4236 662.2061 666.5988 671.1801 675.5989 679.3492 681.1359 680.5606 678.6802 674.9554 670.1067 664.8292 659.5289 654.1044 648.4452 642.5202 636.3143 629.7986 622.923 616.0416 609.3065 602.1738 595.6125 590.4726 588.6823 589.5696 591.4053 591.7491 589.777 585.4893 579.8655 574.7271 571.1702 568.129 566.8364 566.1958 566.6289 568.8322 572.9123 578.7823 585.9467 593.2327 598.7907 -9999 -9999 -9999 -9999 -9999 -9999 -9999 -9999 -9999
664.1362 662.1277 659.6072 657.2518 655.148 652.8416 649.2261 644.7568 640.6799 638.0271 637.3435 638.2036 640.0119 642.6643 646.0387 650.1705 654.9984 659.9997 664.6935 668.6721 670.9641 671.0328 669.2977 666.0676 661.6764 657.2087 652.5358 647.4365 641.8705 635.9851 630.0692 623.9957 618.0458 612.3264 606.7485 600.3192 593.6997 587.7676 584.537 583.4383 583.2167 582.245 579.7319 575.7426 571.4683 570.2483 570.2483 570.1407 570.4314 571.355 573.2188 576.4423 581.2452 587.6445 595.1786 602.5053 607.8878 -9999 -9999 -9999 -9999 -9999 -9999 -9999 -9999 -9999
650.9965 648.6447 645.9489 643.6435 641.8555 640.0966 637.0656 632.8153 628.5692 625.363 624.204 624.738 626.4948 629.298 632.9591 637.5469 642.872 648.2402 652.9893 656.7222 658.8693 659.1387 657.7396 654.9009 651.0035 647.6088 643.621 638.8885 633.4551 627.6963 621.8857 616.2027 611.0984 606.3544 601.7343 596.4871 590.6542 584.9167 580.6716 577.9501 576.0163 574.1245 571.7344 570.2483 570.2483 570.4263 574.9331 575.856 577.007 578.916 581.697 585.5408 590.5729 597.0114 604.295 611.1649 615.9565 -9999 -9999 -9999 -9999 -9999 -9999 -9999 -9999 -9999
638.2683 635.5577 632.6193 630.2188 628.5488 627.1134 624.4695 620.3849 615.8384 612.2252 610.6311 610.9406 612.7492 615.7892 619.8099 624.8499 630.595 636.1245 640.5681 643.5671 645.0801 645.1617 644.0515 641.9747 639.2554 636.3657 632.839 628.5465 623.4855 617.98 612.2543 606.8217 602.1689 598.0785 594.5081 590.6213 585.9648 581.0692 576.6302 573.1887 570.5212 570.2483 570.2483 570.2483 570.2483 573.4226 578.3657 581.4893 584.2257 587.2894 590.9165 595.2538 600.3721 606.3607 612.9406 618.9475 622.9407 -9999 -9999 -9999 -9999 -9999 -9999 -9999 -9999 -9999
626.3132 623.4731 620.3945 617.9233 616.2509 614.9045 612.3565 608.212 603.624 600.0895 598.4232 598.6489 600.4418 603.6147 607.7938 612.9218 618.6582 623.874 627.5313 629.5384 630.2487 629.9351 628.9324 627.4148 625.5762 623.3751 620.5157 616.8797 612.4628 607.3313 601.9352 596.8685 592.5884 588.9458 586.2421 583.6666 580.4397 576.3392 572.456 570.2483 570.2483 570.2483 570.2483 570.2483 572.9777 577.89 583.1699 587.6042 591.6246 595.7283 600.0782 604.7649 609.8201 615.1484 620.7019 625.5177 628.7623 -9999 -9999 -9999 -9999 -9999 -9999 -9999 -9999 -9999
616.4102 613.7137 610.7214 608.3687 606.6996 605.2533 602.7232 598.6713 594.6451 594.6451 594.6451 594.6451 594.6451 594.9537 598.7706 603.1572 607.9474 612.1573 614.5119 615.3495 615.2933 614.6406 613.6748 612.492 611.3184 609.8444 607.756 604.8492 601.1368 596.6935 591.9841 587.5523 583.932 580.9088 579.0244 577.429 575.2738 572.1459 570.2483 570.2483 570.2483 570.2483 570.2483 573.3512 578.2636 583.7597 589.3357 594.4266 599.2247 604.0594 608.88 613.6656 618.3178 622.9349 627.3708 631.1209 633.7438 -9999 -9999 -9999 -9999 -9999 -9999 -9999 -9999 -9999
610.0466 607.879 605.4073 603.3339 601.761 600.2198 597.7819 594.6451 594.6451 594.6451 594.6451 594.6451 594.6451 594.6451 594.6451 597.0781 599.8288 602.1296 602.7194 602.4098 601.7722 600.9727 600.1284 599.2827 598.5649 597.6041 596.0607 593.7475 590.6848 587.0321 583.3924 580.2195 577.8337 576.0491 575.201 574.2763 572.5881 570.2483 570.2483 570.2483 570.2483 570.2483 574.0524 579.1567 584.7675 590.5947 596.3865 601.7967 607.1317 612.4093 617.2417 621.8049 625.8719 629.647 633.0937 635.8094 637.7722 -9999 -9999 -9999 -9999 -9999 -9999 -9999 -9999 -9999
607.3685 605.7865 603.8288 602.1332 600.902 599.7933 598.1678 595.8553 594.6451 594.6451 594.6451 594.6451 594.6451 594.6451 594.6451 594.6451 595.3582 595.3191 593.9481 592.6248 591.554 590.661 589.9433 589.3917 588.9279 588.181 586.7723 584.6343 582.1035 579.3924 577.1969 575.7208 575.0345 574.7812 574.7673 574.3027 572.8457 570.5725 570.2483 570.2483 570.2483 574.8748 579.9418 585.6494 591.6613 597.6152 603.4866 609.2275 614.9301 620.3526 625.0015 629.0294 632.5114 635.4005 637.9107 639.9097 641.3754 -9999 -9999 -9999 -9999 -9999 -9999 -9999 -9999 -9999
608.2878 607.2081 605.6041 604.2583 603.5169 603.165 602.6187 601.7538 600.9881 600.8451 600.4339 599.4287 598.4287 597.4133 596.2761 595.376 594.3218 592.5436 589.8688 587.6553 586.1844 585.1189 584.4171 584.0259 583.7129 582.9912 581.3187 578.8455 576.7697 575.6078 575.1823 575.1823 575.8748 576.7593 577.4387 577.3075 575.8033 573.3867 571.3668 571.1709 573.9716 579.3663 585.3157 591.6392 597.8616 603.9221 609.9608 616.0335 622.0103 627.3672 631.8171 635.2291 638.0454 640.3226 642.0505 643.4061 644.5486 -9999 -9999 -9999 -9999 -9999 -9999 -9999 -9999 -9999
612.5928 611.8719 610.3838 609.2458 608.9041 609.2413 609.4852 609.5251 609.4915 609.4491 608.7231 607.1211 605.3964 603.3828 600.9867 598.6354 595.8628 592.5936 588.5289 585.724 584.2512 583.1226 582.4553 582.2448 582.2071 581.7781 580.0195 577.1761 575.8426 575.7357 576.444 577.8322 579.6593 581.4418 582.6848 582.8132 580.9489 577.8216 575.1625 574.4526 577.0742 582.743 589.5736 596.4166 602.9246 609.2275 615.5562 621.9824 628.0734 633.3654 637.4648 640.3813 642.6957 644.6161 645.7089 646.4152 647.2256 -9999 -9999 -9999 -9999 -9999 -9999 -9999 -9999 -9999
619.858 619.246 618.0278 616.9476 616.6289 616.9232 617.2432 617.3975 617.2804 616.7379 615.5825 613.812 611.6599 608.8751 605.5565 602.301 598.304 593.3772 588.3315 585.5032 584.6126 583.5778 583.0532 583.0927 583.4305 583.7314 582.5886 580.493 578.8608 579.3094 580.8055 583.0646 585.7432 588.1465 589.6876 589.8681 587.5581 583.549 579.5814 577.6859 579.7301 585.4063 592.6931 600.0009 606.9259 613.636 620.3029 626.951 633.2037 638.3719 642.1794 644.5583 646.5297 648.463 649.3771 649.7408 650.0095 -9999 -9999 -9999 -9999 -9999 -9999 -9999 -9999 -9999
