jams-starter/src/main/dist/data/j2k_gehlberg/input/local/gis/dgm_gera.asc
ncols         198
nrows         201
xllcorner     4409750
yllcorner     5613575
cellsize      25
NODATA_value  -9999
[rows 90 to 119 of 201, columns 132 to 197 of 198]
653.6741 657.6997 665.9794 676.7678 688.7833 700.7292 711.6483 721.5857 730.8259 739.5189 747.504 754.59 760.4579 764.0814 764.1521 760.9849 756.6834 753.6508 754.0128 758.3011 764.7197 770.9929 775.3005 776.9602 776.1517 773.5782 769.7802 765.5009 761.0404 756.6841 752.4552 748.0793 743.881 739.9191 736.6807 733.9724 731.4825 729.2816 727.1196 725.1282 723.2936 721.5327 719.9075 718.1351 716.1886 714.9534 714.7479 715.8104 718.2738 721.3887 724.4823 726.8855 728.2173 728.5024 -9999 -9999 -9999 -9999 -9999 -9999 -9999 -9999 -9999 -9999 -9999 -9999
656.5222 660.9378 669.5702 680.6755 692.9596 705.0386 715.7435 725.5887 734.3337 742.6123 750.3929 757.6607 764.0836 768.5016 769.6655 767.1168 763.3541 760.9053 762.0427 767.1824 774.42 781.4213 786.277 788.2503 787.5024 784.8885 781.0681 776.5464 771.7407 767.0436 762.3887 757.5352 752.8179 748.3329 744.5283 741.3465 738.3516 735.9153 733.5425 731.0504 728.8842 726.906 725.1467 723.3607 721.4076 720.1124 719.6956 720.2755 722.1524 724.7903 727.5164 729.8276 731.2833 731.5233 -9999 -9999 -9999 -9999 -9999 -9999 -9999 -9999 -9999 -9999 -9999 -9999
661.1469 663.9244 671.6331 682.3892 694.5749 706.6489 717.3427 727.1481 735.8217 744.1887 752.3107 760.1369 767.1077 772.2064 774.8378 773.6656 770.5128 768.7546 770.5742 776.1534 783.9031 791.3156 796.6597 799.2034 798.9744 796.5996 792.7669 788.0472 782.9526 777.8065 772.6583 767.3744 762.1559 757.0109 752.4445 748.6854 745.3558 742.6345 739.8134 736.7505 734.3693 732.3444 730.3069 728.3536 726.3725 725.0765 724.5081 724.6971 725.8793 728.0104 730.3979 732.6339 734.2275 734.3795 -9999 -9999 -9999 -9999 -9999 -9999 -9999 -9999 -9999 -9999 -9999 -9999
665.0706 665.7351 671.9376 681.9697 693.7798 705.7031 716.4878 726.4409 735.475 744.3935 753.3214 762.2844 770.5441 777.3478 781.3447 781.1921 778.3929 776.556 778.6693 784.5994 792.4708 800.0139 805.962 809.3805 809.9659 808.0374 804.3316 799.6288 794.3112 788.757 783.15 777.4155 771.6429 765.8863 760.5045 755.9869 752.0346 748.7627 745.2487 741.9335 739.3232 737.1096 735.0825 733.2007 731.2482 729.8688 729.0522 728.8243 729.5487 731.1772 733.1386 735.1508 736.5665 -9999 -9999 -9999 -9999 -9999 -9999 -9999 -9999 -9999 -9999 -9999 -9999 -9999
667.968 666.4466 670.4919 679.4435 690.7737 702.4811 713.5245 723.8326 733.7073 743.637 753.8327 764.4231 774.6119 783.2606 788.5596 789.3469 786.9115 784.8633 786.5934 792.0661 799.7582 807.5127 813.8154 818.2497 819.8585 818.6509 815.3331 810.8046 805.3556 799.5975 793.6829 787.5442 781.2874 774.9968 768.9153 763.5466 758.6529 754.4146 750.4017 746.7993 744.0585 741.632 739.5433 737.5767 735.745 734.4027 733.3616 732.6286 732.9722 734.3264 735.9318 737.8468 739.1551 -9999 -9999 -9999 -9999 -9999 -9999 -9999 -9999 -9999 -9999 -9999 -9999 -9999
670.8635 666.7772 668.1624 675.7975 686.4166 697.6539 708.9138 720.0489 731.1453 742.4645 754.1694 766.377 778.3032 788.5065 795.2283 797.2779 795.5364 793.2997 794.1443 798.9762 806.2631 814.0756 820.9316 825.8943 828.4272 827.9637 825.3094 821.1205 815.7103 809.8396 803.7813 797.4484 790.8537 784.1542 777.5307 771.406 765.7891 760.7053 756.0618 752.0551 748.9895 746.2637 744.0823 741.9691 740.1848 738.6851 737.2454 736.1845 736.2832 737.5297 739.1592 740.9279 742.0239 -9999 -9999 -9999 -9999 -9999 -9999 -9999 -9999 -9999 -9999 -9999 -9999 -9999
674.9122 668.1298 666.7772 672.3314 681.7125 692.1636 703.5323 715.5326 727.9161 740.6853 753.8621 767.4166 780.6914 792.2495 800.4592 804.2983 803.7854 801.8405 801.9921 805.8952 812.4603 820.2393 827.3702 832.8342 835.8643 836.172 834.2209 830.3787 825.0929 819.1941 813.1736 806.751 800.0141 793.0933 786.1803 779.5421 773.4291 767.7262 762.5529 758.1008 754.572 751.4813 748.9827 746.6039 744.8344 743.2799 741.5519 740.431 740.3617 741.274 742.7582 744.486 745.3879 -9999 -9999 -9999 -9999 -9999 -9999 -9999 -9999 -9999 -9999 -9999 -9999 -9999
680.4861 672.0377 667.6188 669.9299 676.8411 686.5319 698.0443 710.7157 724.0709 737.9744 752.2352 766.747 781.078 794.0244 804.0594 809.5358 811.2897 810.2038 810.1141 813.2188 818.9252 826.3069 833.4701 839.1522 842.621 843.4622 841.9921 838.3646 833.3458 827.5994 821.6755 815.2935 808.5745 801.6727 794.7488 787.9646 781.5952 775.5589 769.9247 765.1384 761.0818 757.5671 754.607 751.903 749.909 748.168 746.2611 745.144 744.9135 745.449 746.5963 748.2832 749.0867 -9999 -9999 -9999 -9999 -9999 -9999 -9999 -9999 -9999 -9999 -9999 -9999 -9999
686.9883 677.7814 671.7457 670.0833 673.1721 681.5287 692.9591 706.024 719.9776 734.4708 749.3244 764.3936 779.5175 793.7979 805.9233 814.2982 818.3341 818.4515 818.532 820.9537 826.0629 832.6763 839.3052 844.7255 848.136 849.2251 848.2222 844.9524 840.2828 834.8623 829.0922 822.9514 816.4253 809.7311 803.0123 796.3972 790.0685 783.9594 778.1068 772.9711 768.4839 764.6496 761.1643 758.0787 755.6859 753.6743 751.7209 750.5852 750.1781 750.3008 750.8616 751.7972 752.2223 -9999 -9999 -9999 -9999 -9999 -9999 -9999 -9999 -9999 -9999 -9999 -9999 -9999
693.6361 684.1392 677.7118 675.1436 671.869 678.1421 688.8497 701.7675 715.8253 730.4339 745.4495 760.8388 776.4533 791.6865 805.4987 816.2869 823.2555 825.5498 826.7234 829.0063 833.2462 838.7537 844.5015 849.0706 852.0499 853.225 852.8191 850.1085 845.9173 840.9318 835.4722 829.6736 823.5676 817.2177 810.857 804.5811 798.5101 792.5094 786.6755 781.3474 776.6212 772.4429 768.5968 765.2644 762.4006 760.09 758.1643 756.9851 756.3187 755.9338 755.6951 755.6705 755.4862 -9999 -9999 -9999 -9999 -9999 -9999 -9999 -9999 -9999 -9999 -9999 -9999 -9999
700.163 690.2838 683.0367 679.343 674.9302 677.4187 686.0283 697.9785 711.7122 726.2366 741.215 756.5858 772.2863 787.9779 802.8232 815.4539 824.5432 829.9045 832.9935 835.8453 839.486 844.1396 848.6859 852.3479 854.8005 855.7709 855.7643 853.9487 850.457 845.9847 840.9764 835.6058 830.0072 824.2196 818.2924 812.4449 806.7139 800.9587 795.2744 789.9154 785.1157 780.8282 776.7592 773.1636 769.8704 767.426 765.6103 764.3043 763.2138 762.1851 761.0079 760.052 759.0756 -9999 -9999 -9999 -9999 -9999 -9999 -9999 -9999 -9999 -9999 -9999 -9999 -9999
706.5693 696.1761 687.3871 680.9609 676.3413 676.7579 683.688 694.548 707.6845 721.9476 736.7449 751.913 767.4692 783.2035 798.5052 812.2401 823.045 830.431 835.9038 840.2127 844.0502 848.0322 851.4974 854.5601 856.7582 857.8776 857.9857 856.7054 854.0427 850.2124 845.7002 840.8641 835.8428 830.7285 825.4299 819.9518 814.5986 809.0625 803.5578 798.2706 793.4384 789.0614 785.0346 781.3525 777.9211 775.3208 773.2717 771.5121 769.6971 767.9261 765.9908 764.2784 762.5093 -9999 -9999 -9999 -9999 -9999 -9999 -9999 -9999 -9999 -9999 -9999 -9999 -9999
712.9891 702.3063 692.4664 684.2753 678.2986 676.8959 682.254 691.7959 704.1199 717.8643 732.2375 747.0152 762.2583 777.8149 793.1954 807.418 819.1934 828.024 835.6958 841.001 845.8145 849.8234 852.9056 855.7059 857.9788 859.2758 859.5432 858.6371 856.5701 853.5126 849.628 845.391 841.0696 836.7185 832.1741 827.1768 822.1057 816.7219 811.3904 806.2968 801.4653 797.0327 793.0463 789.2566 785.8137 782.9067 780.2542 777.7974 775.391 773.0538 770.4368 767.9156 -9999 -9999 -9999 -9999 -9999 -9999 -9999 -9999 -9999 -9999 -9999 -9999 -9999 -9999
718.8744 708.2395 698.0474 689.2458 682.575 679.5708 682.5761 690.0462 701.0334 713.9581 727.7579 742.1176 756.9852 772.2083 787.3761 801.662 813.9214 823.522 833.2003 840.3519 846.0562 850.5707 854.157 856.7561 858.8191 860.1332 860.5348 859.9083 858.248 855.6709 852.5493 849.0412 845.4516 841.9879 838.0758 833.6807 828.8938 823.8211 818.693 813.8984 809.1439 804.6449 800.5605 796.6361 793.0713 789.6797 786.433 783.2485 780.156 777.0844 773.9642 -9999 -9999 -9999 -9999 -9999 -9999 -9999 -9999 -9999 -9999 -9999 -9999 -9999 -9999 -9999
724.0037 713.1968 703.1308 694.4568 687.897 684.3805 684.335 689.137 698.4152 710.2095 723.3212 737.1887 751.6132 766.4823 781.3882 795.7206 808.6873 819.7471 829.7594 838.1563 844.7703 850.0123 854.048 856.8074 858.9591 860.42 861.04 860.7251 859.4907 857.4538 854.8331 851.7399 848.7825 845.9382 842.8602 839.11 834.8159 830.1494 825.407 820.8542 816.1389 811.6052 807.3997 803.3209 799.4277 795.6054 791.9177 787.9205 784.0767 780.22 -9999 -9999 -9999 -9999 -9999 -9999 -9999 -9999 -9999 -9999 -9999 -9999 -9999 -9999 -9999 -9999
728.5472 717.3793 707.3919 699.1223 692.9899 689.3214 686.5022 689.1968 696.7229 707.0749 719.3057 732.4608 746.2908 760.6369 775.1866 789.4299 802.675 814.3937 824.7411 833.9106 841.602 847.7206 852.3004 855.6459 858.2986 860.1471 861.1232 861.1914 860.4028 858.8877 856.8129 854.3119 851.5176 848.975 846.4262 843.4906 839.8075 835.5897 831.1652 826.7347 822.2196 817.6194 813.3481 809.0707 804.8114 800.5397 796.3596 791.9687 787.2149 -9999 -9999 -9999 -9999 -9999 -9999 -9999 -9999 -9999 -9999 -9999 -9999 -9999 -9999 -9999 -9999 -9999
733.0123 721.6281 711.6014 703.2997 696.921 692.4055 689.29 690.8676 696.3046 704.9341 715.8912 728.0533 741.0481 754.6894 768.763 782.738 795.8922 807.701 818.0621 828.0335 836.5555 843.6219 849.2542 853.6754 857.0121 859.417 860.8734 861.3879 861.0503 860.0168 858.4469 856.4634 854.1594 851.5745 849.2812 846.9193 843.9523 840.2224 836.0021 831.6139 827.1194 822.6003 818.1285 813.7134 809.1635 804.469 799.8231 794.9672 -9999 -9999 -9999 -9999 -9999 -9999 -9999 -9999 -9999 -9999 -9999 -9999 -9999 -9999 -9999 -9999 -9999 -9999
738.2047 726.8574 716.9802 708.6608 702.1108 697.3381 694.2864 694.3758 697.5162 703.9341 713.1466 723.9719 735.879 748.6455 762.0647 775.6736 788.7087 800.5819 811.3024 821.3254 830.3552 838.228 844.9722 850.6074 855.0937 858.3112 860.3849 861.4066 861.515 860.9102 859.782 858.2516 856.3883 854.2396 851.8762 849.881 847.3524 844.1151 840.1083 835.6003 830.9205 826.1723 821.6088 817.0575 812.3918 807.2977 802.3993 -9999 -9999 -9999 -9999 -9999 -9999 -9999 -9999 -9999 -9999 -9999 -9999 -9999 -9999 -9999 -9999 -9999 -9999 -9999
744.5443 733.621 723.9668 715.8302 709.3197 704.5571 700.8316 699.518 700.7616 704.8173 711.855 720.7433 731.0566 742.6605 755.2635 768.4286 781.3167 793.1738 803.9535 813.9983 823.3976 832.113 840.0325 847.0649 852.8933 857.0197 859.7925 861.3625 861.9044 861.6677 860.902 859.7601 858.2997 856.5685 854.6479 852.6508 850.2553 847.2602 843.4521 838.8067 833.8462 828.8427 824.0526 819.2881 -9999 -9999 -9999 -9999 -9999 -9999 -9999 -9999 -9999 -9999 -9999 -9999 -9999 -9999 -9999 -9999 -9999 -9999 -9999 -9999 -9999 -9999
752.2493 741.9994 732.7197 724.6531 718.1523 713.4218 708.4885 705.9183 705.7294 707.7882 712.2529 718.4279 726.7166 736.9508 748.6246 761.1592 773.7657 785.657 796.564 806.7117 816.4526 825.903 834.934 843.2759 850.3895 855.636 859.2263 861.3806 862.3325 862.3948 861.9079 861.0661 859.9202 858.4965 856.8405 854.9641 852.6938 849.7726 845.9196 -9999 -9999 -9999 -9999 -9999 -9999 -9999 -9999 -9999 -9999 -9999 -9999 -9999 -9999 -9999 -9999 -9999 -9999 -9999 -9999 -9999 -9999 -9999 -9999 -9999 -9999 -9999
761.0154 751.6204 742.7789 734.5225 727.1725 721.0883 715.9347 712.7227 711.4991 711.9492 713.7729 717.1956 723.2569 731.9355 742.3897 754.0517 766.2913 778.311 789.6266 800.2256 810.4837 820.6625 830.5803 839.9209 848.1711 854.5493 858.9219 861.6117 862.9116 863.1818 862.8913 862.2693 861.3141 860.0649 858.538 856.7253 854.5524 851.7161 -9999 -9999 -9999 -9999 -9999 -9999 -9999 -9999 -9999 -9999 -9999 -9999 -9999 -9999 -9999 -9999 -9999 -9999 -9999 -9999 -9999 -9999 -9999 -9999 -9999 -9999 -9999 -9999
770.5087 761.9655 753.4916 744.9857 736.7606 729.4269 723.356 718.9364 716.1553 714.7824 714.6923 716.2775 720.7423 727.7077 736.8209 747.605 759.4457 771.6449 783.6178 795.134 806.3146 817.4286 828.154 838.1961 847.1358 854.1926 859.1133 862.1985 863.7329 864.0874 863.9333 863.4874 862.592 861.3827 859.8655 857.9775 855.6783 -9999 -9999 -9999 -9999 -9999 -9999 -9999 -9999 -9999 -9999 -9999 -9999 -9999 -9999 -9999 -9999 -9999 -9999 -9999 -9999 -9999 -9999 -9999 -9999 -9999 -9999 -9999 -9999 -9999
780.4521 772.598 764.3017 755.5491 746.6931 738.3145 730.9716 725.1331 720.7799 717.7986 716.238 716.5155 719.335 724.6713 732.3429 742.1536 753.691 766.176 778.9248 791.5731 803.9647 816.1091 827.5932 838.0937 847.307 854.6178 859.8564 863.2031 864.8803 865.179 865.1257 864.8365 863.8561 862.6019 861.0759 859.1793 -9999 -9999 -9999 -9999 -9999 -9999 -9999 -9999 -9999 -9999 -9999 -9999 -9999 -9999 -9999 -9999 -9999 -9999 -9999 -9999 -9999 -9999 -9999 -9999 -9999 -9999 -9999 -9999 -9999 -9999
790.4753 783.0478 774.7546 765.8729 756.6248 747.5302 739.0831 731.7702 725.9243 721.4943 718.5899 717.5663 718.8789 722.6927 729.047 738.1165 749.3478 762.018 775.5292 789.2557 802.7151 815.7853 828.0484 839.0438 848.3416 855.649 861.0251 864.5145 866.2987 866.8424 866.7666 866.2363 865.1331 863.816 862.2496 -9999 -9999 -9999 -9999 -9999 -9999 -9999 -9999 -9999 -9999 -9999 -9999 -9999 -9999 -9999 -9999 -9999 -9999 -9999 -9999 -9999 -9999 -9999 -9999 -9999 -9999 -9999 -9999 -9999 -9999 -9999
800.2842 793.1417 784.9241 775.913 766.4749 756.9304 747.7224 739.2618 731.9482 726.1221 721.8792 719.5138 719.4017 721.8323 727.0307 735.292 746.0507 758.6445 772.62 787.1765 801.5818 815.4737 828.4039 839.9172 849.5009 856.9131 862.332 865.7721 867.8195 868.6059 868.5559 867.9023 866.7255 865.2257 -9999 -9999 -9999 -9999 -9999 -9999 -9999 -9999 -9999 -9999 -9999 -9999 -9999 -9999 -9999 -9999 -9999 -9999 -9999 -9999 -9999 -9999 -9999 -9999 -9999 -9999 -9999 -9999 -9999 -9999 -9999 -9999
809.9426 802.8333 794.7119 785.7432 776.2441 766.5229 756.8367 747.6257 739.2017 731.9255 726.2772 722.4911 720.9233 721.9578 725.9329 733.1655 743.2533 755.6323 769.7636 784.7715 799.8461 814.4584 828.0743 840.2021 850.226 857.9369 863.636 867.2737 869.4307 870.3505 870.3553 869.698 868.5322 -9999 -9999 -9999 -9999 -9999 -9999 -9999 -9999 -9999 -9999 -9999 -9999 -9999 -9999 -9999 -9999 -9999 -9999 -9999 -9999 -9999 -9999 -9999 -9999 -9999 -9999 -9999 -9999 -9999 -9999 -9999 -9999 -9999
819.5298 812.2478 804.1356 795.3187 785.9365 776.2168 766.4109 756.7664 747.6057 739.1888 732.0093 726.676 723.502 722.9839 725.5112 731.3416 740.6464 752.7611 766.863 782.0176 797.4714 812.6537 826.9095 839.6285 850.1715 858.3151 864.3616 868.3774 870.7766 871.8676 871.9876 871.425 -9999 -9999 -9999 -9999 -9999 -9999 -9999 -9999 -9999 -9999 -9999 -9999 -9999 -9999 -9999 -9999 -9999 -9999 -9999 -9999 -9999 -9999 -9999 -9999 -9999 -9999 -9999 -9999 -9999 -9999 -9999 -9999 -9999 -9999
829.3965 821.6515 813.4023 804.6921 795.5326 785.9643 776.1971 766.5126 756.9194 747.7402 739.3519 732.3779 727.3143 725.016 725.943 729.9544 738.3207 750.0037 763.9235 779.1196 794.8123 810.3781 825.1211 838.374 849.4674 858.1232 864.6 869.0491 871.7443 873.0278 873.3018 -9999 -9999 -9999 -9999 -9999 -9999 -9999 -9999 -9999 -9999 -9999 -9999 -9999 -9999 -9999 -9999 -9999 -9999 -9999 -9999 -9999 -9999 -9999 -9999 -9999 -9999 -9999 -9999 -9999 -9999 -9999 -9999 -9999 -9999 -9999
839.8191 831.3361 822.729 813.9997 805.0086 795.707 786.1542 776.5193 766.8534 757.21 747.9175 739.4774 732.5994 728.1812 727.4659 729.5594 736.6651 747.4799 760.9438 776.0962 791.9503 807.7651 822.8947 836.6633 848.3605 857.6257 864.6055 869.4674 872.4182 873.8326 -9999 -9999 -9999 -9999 -9999 -9999 -9999 -9999 -9999 -9999 -9999 -9999 -9999 -9999 -9999 -9999 -9999 -9999 -9999 -9999 -9999 -9999 -9999 -9999 -9999 -9999 -9999 -9999 -9999 -9999 -9999 -9999 -9999 -9999 -9999 -9999
850.7767 841.5444 832.326 823.3862 814.4246 805.3063 795.9972 786.5055 776.8975 767.1728 757.3471 747.8259 739.2661 732.663 729.1193 730.2463 735.7941 745.2856 758.0869 773.065 788.9563 804.9101 820.3955 834.725 847.1241 857.1223 864.66 869.8939 872.997 874.4026 874.8007 -9999 -9999 -9999 -9999 -9999 -9999 -9999 -9999 -9999 -9999 -9999 -9999 -9999 -9999 -9999 -9999 -9999 -9999 -9999 -9999 -9999 -9999 -9999 -9999 -9999 -9999 -9999 -9999 -9999 -9999 -9999 -9999 -9999 -9999 -9999
