jams-starter/src/main/dist/data/j2k_gehlberg/input/local/gis/dgm_gera.asc
ncols         198
nrows         201
xllcorner     4409750
yllcorner     5613575
cellsize      25
NODATA_value  -9999
[rows 60 to 89 of 201, columns 66 to 131 of 198]
767.7373 763.6282 758.1517 750.7635 741.3716 730.2946 717.8322 704.4689 691.5722 681.5776 677.7184 682.282 693.7874 708.8981 724.7482 739.5515 752.8679 765.1245 776.796 787.8414 797.2942 803.822 806.5695 805.8245 803.4368 801.3086 799.7374 798.3136 796.564 794.4403 792.0276 788.7777 784.5525 779.5476 773.8861 767.5128 760.4039 752.5912 744.5568 736.5227 728.6635 721.3162 714.4373 707.825 701.5014 695.4142 689.4274 683.3806 677.1628 670.8209 664.4497 658.4257 652.7763 647.8392 644.1399 641.986 640.7579 639.6733 638.0515 635.6548 633.3019 631.1414 629.1765 627.8337 627.5743 627.6047
771.4603 766.6678 760.4239 752.1287 741.8613 730.1099 717.3323 704.0168 691.4836 682.1248 679.0944 683.6154 694.9249 709.9949 726.2268 741.5927 755.5202 768.3407 780.5927 792.2386 802.2845 809.5038 812.8015 812.3282 810.139 808.1418 806.569 805.0439 803.2491 800.9575 798.4644 795.1301 790.5846 785.2189 779.2334 772.572 765.207 757.3264 749.3053 741.299 733.3685 725.8703 719.0168 712.5483 706.2113 700.0226 693.8775 687.7157 681.5317 675.1932 669.0887 663.343 658.001 653.7024 650.7183 649.2039 648.3842 647.5892 646.2554 644.1938 642.1491 640.1067 637.9742 636.3676 635.7002 635.3057
775.3942 769.7227 762.4799 753.3394 742.3798 730.2399 717.3515 704.1678 691.9445 682.9528 680.3564 685.2363 695.9663 710.4847 726.6807 742.3534 756.7102 770.0279 782.8624 795.1287 805.9664 813.9751 818.2163 818.27 816.588 814.647 812.8474 810.923 808.8787 806.4125 803.8032 800.5284 795.8797 790.3568 784.1407 777.2239 769.7825 761.9368 753.8647 745.8738 737.9959 730.4734 723.6423 717.2095 710.9573 704.5508 698.0058 691.5614 685.21 679.0013 673.2784 667.9098 663.1867 659.4045 656.9896 655.6851 654.871 654.1011 652.918 651.1252 649.3973 647.6159 645.652 644.0927 643.1732 642.3612
779.3231 772.8348 764.6149 754.5376 743.0768 730.8253 718.0478 705.1183 693.2684 684.6157 681.7836 688.0419 697.5762 710.9603 726.64 742.2836 756.8745 770.5395 783.7905 796.5748 808.1777 817.1951 822.1866 823.6324 822.3166 820.1245 817.9333 815.7594 813.6197 810.9748 808.0007 804.7007 800.2675 794.8676 788.6438 781.6926 774.1328 766.2875 758.3592 750.5861 742.9337 735.42 728.3275 721.6921 715.2964 708.922 702.1938 695.7164 689.5118 683.7711 678.4465 673.6268 669.4222 666.2252 663.9856 662.4415 661.1561 660.0487 658.7663 657.122 655.5157 653.8522 651.9857 650.4299 649.2998 648.1105
782.965 775.7586 766.6996 755.9819 744.2834 732.1171 719.5269 706.853 695.2809 687.0171 685.3436 691.9086 699.1902 711.142 726.1086 741.5936 756.3369 770.2441 783.7574 796.908 809.181 819.3362 825.8431 828.292 827.0035 824.4124 821.9706 819.6735 817.3817 814.7787 811.7996 808.3817 804.0825 798.7977 792.6071 785.6163 778.131 770.5082 762.8458 755.2238 747.6913 740.2389 732.9844 725.9761 719.3441 712.9427 706.5569 700.7333 695.2499 690.0524 685.3563 680.9885 677.3118 674.3394 671.8081 669.6971 667.8235 666.2726 664.7643 663.1251 661.3193 659.5005 657.5612 655.8857 654.4316 652.8092
786.2388 778.5417 768.8706 757.7081 745.9327 733.9531 721.6483 709.1458 697.4785 688.6571 685.58 690.1565 697.8786 709.8914 724.7656 740.3186 755.2712 769.4089 783.0801 796.4244 809.1896 820.4122 828.5869 832.2015 830.9656 827.6304 825.1329 822.7937 820.4186 817.8263 814.8953 811.4418 807.1268 801.907 795.8144 789.0663 781.8044 774.2655 766.7532 759.3496 751.9507 744.566 737.1516 729.9808 723.3079 717.166 711.5751 706.8416 702.3426 697.9423 693.8486 689.9842 686.5938 683.6171 680.6631 677.9882 675.5891 673.4105 671.299 669.2773 667.1966 665.2352 663.2501 661.1739 659.1943 657.082
789.1312 781.1581 771.1192 759.7444 748.015 736.2809 724.2919 711.9957 700.1586 690.5576 685.58 688.1026 695.6517 707.7897 722.7405 738.5096 753.7924 768.2246 781.9899 795.3323 808.2441 820.0303 829.0768 833.5333 833.5756 830.2856 827.9574 825.4709 822.9142 820.229 817.2743 813.8362 809.459 804.2408 798.3203 791.7601 784.5556 777.1907 769.9414 762.6627 755.3303 748.1674 740.887 733.7448 727.3605 722.2273 717.9031 714.2173 710.4659 706.6748 703.0607 699.5848 696.5059 693.6353 690.522 687.3048 684.2388 681.256 678.4799 676.0358 673.6454 671.2288 668.8354 666.3248 663.9308 661.3782
791.556 783.5659 773.4764 762.0576 750.4323 738.9918 727.3569 715.202 703.0363 692.38 685.6027 686.4828 693.4519 705.512 720.5884 736.6232 752.2375 766.9512 780.7611 793.9947 806.7537 818.5716 828.0464 833.5043 834.9518 833.2126 830.8701 828.0339 825.0069 822.0837 818.9779 815.4194 811.0697 805.6931 799.8143 793.4216 786.4114 779.3436 772.1897 764.7748 757.5168 750.6183 743.7742 737.2928 731.8768 728.1169 725.1812 722.3644 719.1307 715.7246 712.3714 709.0251 706.187 703.496 700.4177 696.8939 693.275 689.6499 686.4256 683.4336 680.4087 677.4073 674.5186 671.4655 668.3694 665.1811
793.5748 785.8088 775.9243 764.679 753.2281 741.9691 730.5559 718.4989 706.0357 694.596 686.6644 685.6628 691.7234 703.5842 718.7518 734.9969 750.8776 765.8445 779.7476 792.7983 805.1217 816.5356 826.0818 832.554 835.2487 834.992 833.1274 830.0958 826.6199 823.5322 820.3018 816.7365 812.3984 806.7324 800.7931 794.5245 787.7181 780.7644 773.43 765.8447 758.7343 752.3054 746.3975 741.3976 737.5956 735.1194 733.0816 730.716 727.735 724.5557 721.2884 718.0176 715.2996 712.7031 709.6304 705.945 702.0896 698.2172 694.6116 690.9755 687.3264 683.793 680.1757 676.3974 672.4655 668.4584
795.3528 787.9428 778.4474 767.5393 756.2615 745.1066 733.7762 721.7224 709.0958 697.1393 688.2385 685.7159 690.8557 702.3918 717.4647 733.7756 749.8714 765.0904 779.1076 792.0275 803.9404 814.8552 824.1335 830.8539 834.6022 835.548 834.4385 831.5465 828.1064 824.781 821.4441 817.7731 813.3477 807.6712 801.7748 795.606 788.9784 781.8922 774.1613 766.4163 759.5399 753.6705 749.0903 746.0393 744.0737 742.6563 741.1017 738.8362 736.0016 732.8983 729.5089 726.2776 723.5099 720.8256 717.6534 714.0676 710.1436 706.192 702.3126 698.2075 694.0579 689.8267 685.4844 681.0207 676.0583 671.0977
797.1743 790.1321 781.0637 770.5343 759.4297 748.2863 736.9598 724.9297 712.2563 700.0117 690.288 685.7881 690.8059 702.0568 716.8016 732.9404 749.0894 764.5302 778.7686 791.6782 803.2724 813.652 822.3731 828.8126 832.9386 834.7337 834.1167 831.8566 828.7899 825.4825 822.278 818.5952 814.177 808.8139 803.0677 796.8807 790.2064 782.8139 774.8347 767.2022 760.9211 756.0477 753.0515 751.8462 751.2581 750.4856 749.1468 746.9412 744.0865 740.8555 737.2075 733.8191 730.7 727.7356 724.5447 721.095 717.1821 713.2454 709.0873 704.658 699.9952 695.0942 689.955 684.5706 678.9058 673.116
798.7304 791.8685 783.2767 773.2684 762.5016 751.4808 740.1728 728.2139 715.6547 703.3638 693.3273 688.1608 692.7486 702.9478 716.8356 732.514 748.6101 764.2377 778.6924 791.6529 802.9867 812.8107 820.754 826.6053 830.6327 832.7185 832.8122 831.3699 828.941 825.9796 823.0396 819.3093 814.8387 809.7419 804.2509 798.2512 791.5162 783.8641 775.9623 768.8896 763.6185 760.1428 758.9902 759.391 759.7352 759.1713 757.7605 755.3974 752.2314 748.6952 744.7753 740.9703 737.336 733.946 730.4496 726.8842 723.1292 719.1169 714.7821 710.0492 704.9084 699.3522 693.426 687.1616 680.8606 674.2877
799.416 792.7372 784.6694 775.3646 765.1822 754.5095 743.4072 731.6545 719.3179 707.2256 697.0729 691.795 696.2384 704.5504 717.266 732.4481 748.4678 764.2086 778.8069 791.8267 802.9512 812.3055 819.5469 824.7926 828.3409 830.5252 831.1962 830.5482 828.9216 826.6454 823.9212 819.9915 815.3582 810.3732 804.9969 799.1606 792.5822 785.1778 777.9269 771.986 767.9953 766.3835 766.7238 768.1882 769.1486 768.8009 767.2729 764.6306 761.0801 757.0958 752.6899 748.3379 744.0833 739.8943 735.7576 731.7831 727.8564 723.7864 719.2857 714.2351 708.6112 702.3464 695.7008 688.9007 682.0362 674.6697
799.2255 792.6277 785.0618 776.5968 767.2224 757.1362 746.4074 734.9487 722.9166 711.0678 700.9844 695.4338 697.6536 705.158 717.4219 732.5016 748.573 764.3729 778.9933 791.9909 803.0125 812.033 818.6962 823.3282 826.3173 828.5682 829.6434 829.6168 828.6622 826.9287 824.4008 820.5378 815.8779 810.9805 805.6346 799.9523 793.741 787.0157 780.8195 776.0719 773.605 773.5873 774.9432 776.8869 778.3441 778.3823 776.9943 774.4969 770.9575 766.5937 761.5294 756.383 751.1846 745.9566 740.9098 736.1307 731.6656 727.2234 722.4944 717.0197 710.995 704.0256 696.7941 689.5361 682.2781 674.4578
798.2906 791.7727 784.6785 776.9692 768.3813 758.9906 748.8694 737.9659 726.3505 714.6582 704.3889 697.8969 698.4894 705.3922 717.561 732.6821 748.796 764.5991 779.2132 792.1872 803.1347 811.9404 818.2303 822.5071 825.2618 827.2091 828.3869 828.7527 828.2886 826.9789 824.7242 821.2214 816.7747 812.0376 806.7277 801.1946 795.4337 789.5665 784.2719 780.5818 779.2728 780.5932 782.7263 784.9907 786.6321 787.1348 786.4229 784.5344 781.3442 776.817 771.2742 765.1779 758.8071 752.3629 746.1096 740.2798 734.8499 729.6483 724.2635 718.3059 711.7763 704.2329 696.5792 689.1177 681.7765 673.8955
796.641 790.11 783.5266 776.4996 768.6324 759.948 750.537 740.3592 729.2935 717.8946 707.4871 700.1687 699.1283 705.7173 718.0324 733.239 749.2817 764.9797 779.5287 792.4354 803.2988 811.9564 818.0139 822.0765 824.6716 826.1877 827.405 828.0734 828.0057 827.0894 825.2176 822.3607 818.4128 813.8643 808.7092 803.317 797.9017 792.6749 787.9313 785.0842 784.8716 786.8019 789.479 792.2031 794.1152 795.1525 795.3213 794.1709 791.4458 786.9952 781.1481 774.2227 766.685 758.9834 751.4258 744.2991 737.6772 731.5095 725.2197 718.6299 711.5948 703.7079 695.7936 688.1299 680.849 673.1926
794.9025 788.1946 781.9041 775.3682 768.1069 760.0917 751.327 741.7328 731.1467 720.0461 709.6176 701.82 699.6946 706.5502 719.0679 734.3482 750.2892 765.7735 780.0891 792.8013 803.5133 812.0326 817.9174 821.77 824.0565 825.2714 826.714 827.6974 827.9891 827.4882 826.1367 823.887 820.3333 815.989 811.1417 805.9589 800.8592 796.0942 792.009 789.3676 789.8899 792.2914 795.2249 798.2276 800.4609 802.0436 802.9981 802.5023 800.2884 796.1954 790.3472 782.9437 774.4955 765.5807 756.6975 748.3317 740.656 733.3557 726.0035 718.6243 711.0503 703.01 695.0228 687.3047 680.0844 672.6004
794.1636 787.0519 780.6476 774.2734 767.299 759.6667 751.3237 742.093 731.8964 721.2029 711.1504 703.775 702.3835 708.8749 721.1747 736.2922 752.0008 767.1198 781.004 793.3613 803.8199 812.1861 817.9853 821.7974 824.0625 825.2322 826.6772 827.7764 828.2889 828.0924 827.1027 825.2206 822.3312 818.4688 813.9399 809.0468 804.2541 799.7623 795.9728 793.8741 794.4487 796.8079 799.9578 803.1653 805.8047 807.8547 809.1724 809.002 807.1888 803.7139 798.2341 790.7823 781.7876 771.9778 762.0747 752.577 743.7795 735.3599 727.0843 718.8978 710.6917 702.5925 694.5709 686.8101 679.5665 672.118
794.3672 786.8049 780.1256 773.6515 766.6698 759.0699 750.7797 741.6255 731.7194 721.6209 712.2959 705.8031 705.2854 712.1844 724.3601 739.1187 754.3963 769.02 782.3583 794.2158 804.29 812.444 818.1989 822.1125 824.6373 825.979 827.2289 828.262 828.8671 828.8871 828.2137 826.7595 824.4262 820.9835 816.6502 812.1118 807.6241 803.4861 799.9709 797.957 798.4105 800.7454 803.976 807.155 810.2815 812.6896 813.8401 813.5634 811.9082 809.2609 804.4344 797.3046 788.0828 777.6433 766.9961 756.6742 746.9874 737.7847 728.9337 720.2822 711.6132 702.9329 694.5778 686.5982 679.1603 671.5803
795.2599 787.2905 780.2347 773.4618 766.2329 758.3789 749.8842 740.687 731.0851 721.6854 713.414 708.3548 709.486 716.9625 728.8732 743.0366 757.7023 771.7081 784.3702 795.5518 805.047 812.8491 818.4734 822.3706 824.9473 826.6006 827.9021 828.9376 829.6094 829.7859 829.3508 828.2121 826.2736 823.3985 819.4026 815.0723 810.7985 806.8789 803.771 801.9119 802.148 804.548 807.659 810.8093 813.6667 815.5 816.1653 815.4383 813.4492 812.1709 808.8594 802.4473 793.3481 782.6143 771.4893 760.5378 750.1777 740.5219 731.2814 722.0878 712.8231 703.5978 694.8298 686.4653 678.6279 670.7501
796.6169 788.358 780.8588 773.6342 765.9806 757.6481 748.7318 739.3896 730.1051 721.5435 714.7315 712.0389 714.6768 722.6382 734.433 748.0817 762.1267 775.4232 787.2787 797.5858 806.256 813.5137 818.9012 822.6842 825.1959 827.1367 828.6044 829.7092 830.4492 830.7359 830.4605 829.517 827.7999 825.2045 821.7327 817.7051 813.6747 809.9406 807.1232 805.649 806.1182 808.3231 811.1082 813.8244 815.9306 817.3096 817.7909 817.2762 816.0113 814.6986 811.8274 806.293 797.45 786.707 775.2694 763.8581 752.9837 742.8571 733.1343 723.4793 713.7985 704.2415 695.0817 686.2082 677.7778 669.4526
798.0785 789.7373 781.8825 774.1742 766.0695 757.2808 747.9396 738.3218 729.0538 721.0713 715.6146 715.5179 719.6923 728.4012 740.2787 753.657 767.2725 779.9814 791.0292 800.3523 808.0086 814.5405 819.623 823.2863 825.6816 827.7927 829.392 830.5676 831.3671 831.7354 831.5699 830.7676 829.2256 826.8993 823.8284 820.0233 816.1296 812.7706 810.3771 809.4243 810.1779 812.0699 814.3359 816.2513 817.7628 818.8114 819.2388 818.9551 818.0563 816.6193 813.7993 808.6813 800.2372 789.7606 778.1559 766.3161 754.9437 744.3533 734.2027 724.1901 714.2198 704.4097 694.9501 685.6729 676.7065 667.8715
799.4202 791.1253 783.0704 775.0525 766.5644 757.3529 747.5651 737.5064 727.9489 720.3011 716.2842 719.116 724.5079 733.7307 745.7714 759.1613 772.527 784.6474 794.709 803.1896 810.1356 815.8806 820.6126 824.2399 826.6399 828.6474 830.2621 831.4867 832.3403 832.7856 832.7126 832.0452 830.6452 828.5075 825.652 822.3405 818.8618 815.7465 813.6061 812.9903 813.9667 815.5949 817.3797 818.7244 819.7288 820.4562 820.7599 820.4674 819.5414 817.8199 814.7565 809.6755 801.6408 791.5621 780.0323 767.937 756.1133 745.0569 734.5095 724.1964 713.9948 703.9589 694.2692 684.6834 675.1773 665.6617
800.6598 792.4674 784.4814 776.3144 767.4855 757.8211 747.4559 736.8193 726.8861 719.5705 718.2959 723.0963 728.5548 738.1552 750.4769 764.0138 777.2252 788.7325 797.7138 805.8639 812.175 817.2606 821.4791 824.8195 827.2549 829.3099 831.0444 832.3807 833.3199 833.8697 833.894 833.4113 832.1898 830.348 827.8854 825.0174 821.9945 819.2277 817.0425 816.4683 817.4725 819.0814 820.6547 821.5924 822.1243 822.4736 822.5231 821.9411 820.6793 818.4739 814.8929 809.5081 801.9678 792.3961 781.1113 768.871 756.5931 745.0515 734.1081 723.5163 713.1271 702.9392 693.0604 683.202 673.2997 663.416
801.7976 793.7571 785.8857 777.7102 768.7299 758.6703 747.7909 736.6477 726.3538 719.0139 718.2959 722.4864 730.2484 741.1965 754.1577 767.9496 781.1722 792.4889 801.2766 808.6153 813.6694 818.2482 822.0352 825.0777 827.522 829.7217 831.6926 833.2103 834.2543 834.9573 835.0692 834.8429 833.8069 832.387 830.3624 827.9869 825.4631 823.2348 821.2837 820.6001 821.1705 822.4717 823.9846 824.6725 824.8208 824.7933 824.5198 823.4733 821.747 818.9763 814.7823 809.0005 801.8003 792.585 781.4152 769.0115 756.3653 744.3516 733.0139 722.144 711.5759 701.2728 691.1984 681.0999 670.9699 661.0496
802.4938 794.6057 786.8925 778.7732 769.7328 759.522 748.3775 736.9302 726.4642 719.1237 718.2959 722.3247 731.3118 743.2424 756.7279 770.6888 783.8251 794.9413 803.4941 810.2963 814.955 818.8987 822.2935 825.1989 827.7773 830.1456 832.2896 834.002 835.1093 835.9775 836.2814 836.1071 835.338 834.5041 832.9122 831.0541 828.9476 826.9745 825.3117 824.5891 824.7288 825.4516 826.5801 827.2098 827.2589 826.9603 826.3086 825.0183 822.9916 819.754 814.9536 808.6147 801.6071 792.4393 781.1428 768.5392 755.5759 743.0984 731.3908 720.2576 709.5154 699.1403 688.8237 678.4833 668.2267 658.5007
802.6469 794.9456 787.426 779.3351 770.176 759.8377 748.5608 737.0795 726.8104 719.7831 718.4602 722.9499 732.4032 744.7404 758.3918 772.2122 784.9821 795.6152 803.7113 809.9949 814.7284 818.5435 821.913 824.972 827.6931 830.2742 832.6851 834.7557 836.0846 837.09 837.5582 837.5623 837.1276 836.4456 835.2963 834.0246 832.2478 830.5591 829.0549 828.2274 828.0829 828.4813 829.1432 829.653 829.68 829.2308 828.3254 826.8688 824.6616 821.189 816.0964 809.6067 801.8218 792.0938 780.4808 767.733 754.6218 741.8829 729.9113 718.6352 707.8766 697.4616 686.9597 676.3594 665.9039 656.3096
802.2464 794.7215 787.298 779.188 769.9095 759.4303 748.0123 736.4704 726.2878 719.3496 718.4602 723.1904 733.0593 745.4921 758.9069 772.2133 784.3225 794.3038 801.9983 807.9817 812.892 816.9092 820.5884 824.0623 827.0323 829.9236 832.6237 834.9637 836.7049 838.0092 838.8104 839.0934 838.9387 838.4521 837.6172 836.57 835.2265 833.9516 832.5488 831.7194 831.464 831.6196 832.0088 832.2685 832.2612 831.7281 830.5816 828.9156 826.5647 823.0818 817.7997 810.9198 802.1657 791.7337 779.866 767.16 754.0944 741.2946 729.2234 717.8871 707.103 696.6323 685.9675 675.1053 664.4786 655.1114
801.4216 794.0217 786.6146 778.4825 769.1242 758.5418 747.0196 735.3564 724.9616 718.4602 718.4602 723.0776 733.2674 745.5032 758.3715 770.8916 782.0866 791.3266 798.5724 804.4229 809.4844 814.0739 818.3235 822.312 825.8322 829.2273 832.2938 834.9687 837.1572 838.8817 840.079 840.7192 840.8338 840.5624 839.9891 839.1907 838.1874 837.1227 835.9973 835.3658 835.1575 835.2091 835.3685 835.462 835.2603 834.5458 833.0537 831.1001 828.5135 824.8472 819.4867 812.1808 802.8137 791.9236 779.9066 767.2631 754.323 741.6089 729.5596 718.2306 707.4677 696.9164 686.0128 674.8339 664.0131 654.9683
800.4315 793.081 785.6452 777.598 768.3721 757.8361 746.2225 734.4424 723.9794 718.4602 718.4602 723.1719 733.36 745.1973 757.3755 769.0497 779.3542 787.7928 794.5696 800.3444 805.6402 810.8155 815.8776 820.6394 824.8767 828.6333 831.9861 834.9877 837.6526 839.8677 841.52 842.5594 842.9474 842.9133 842.6212 842.1487 841.5315 840.8306 840.152 839.7432 839.599 839.6266 839.6886 839.5924 839.069 837.8199 835.8448 833.5164 830.6518 826.7818 821.328 813.6142 803.918 792.9255 780.8622 768.2839 755.5293 743.024 731.07 719.7505 708.9749 698.3301 687.2068 675.6625 664.4866 655.5057
