jams-starter/src/main/dist/data/j2k_gehlberg/input/local/gis/dgm_gera.asc
ncols         198
nrows         201
xllcorner     4409750
yllcorner     5613575
cellsize      25
NODATA_value  -9999
[rows 150 to 179 of 201, columns 66 to 131 of 198]
935.3766 932.6273 929.116 924.3625 918.3798 911.8107 905.6381 900.7224 897.2904 894.4839 891.5726 888.8146 886.5275 885.1502 884.6538 884.2441 884.5241 884.3372 883.3845 882.2864 881.0663 879.5667 877.7046 875.5798 873.6752 871.5432 868.7991 865.1207 860.343 854.5518 847.9396 840.9777 836.2832 835.4281 839.2243 845.1626 851.0272 856.0502 860.3731 864.2351 867.8849 871.5865 875.3971 879.2561 883.1376 887.2937 892.0933 897.1823 902.9216 909.4545 916.6191 923.6544 929.9183 935.5873 940.5632 944.6989 947.7817 949.9807 951.2643 951.7702 951.6477 951.0685 950.1528 949.2151 947.6667 946.4707
937.8349 935.0537 931.4505 926.6123 920.2919 913.3 906.8305 901.7759 898.2416 895.3712 892.7699 890.2922 888.1949 886.764 885.9719 885.4308 885.7952 885.7473 884.9975 883.8851 882.5951 881.0059 879.0524 876.8739 874.7291 872.3494 869.3429 865.5096 860.9752 855.6263 849.5732 842.6 837.2355 835.4281 837.6748 842.7836 848.1086 853.0171 857.1588 860.9067 864.6024 868.3414 872.2999 876.3928 880.8111 885.4407 890.4352 895.5038 901.0051 907.3615 914.6464 921.9283 928.5167 934.6954 940.1094 944.5428 947.7225 949.9836 951.4662 952.2589 952.4586 952.21 951.6687 950.9661 949.9706 949.142
940.1971 937.3285 933.583 928.5471 922.3061 915.5165 909.2238 904.2957 900.59 897.6218 895.041 892.5417 890.3854 888.8174 887.8592 887.3409 887.313 887.0657 886.3099 885.1614 883.9158 882.3716 880.3861 878.0872 875.6111 873.0612 869.7156 865.6499 861.2272 856.171 850.5706 843.7217 838.134 835.8409 838.0397 842.2289 846.5781 850.8263 854.7219 858.2587 862.0328 865.985 870.3661 874.9813 879.8921 885.0807 890.4899 895.6422 900.8388 906.8096 913.8765 921.0259 927.7469 934.2921 939.9555 944.4985 947.6969 949.9897 951.6819 952.7629 953.2524 953.255 952.9576 952.4156 951.6626 950.8647
942.5723 939.5392 935.5394 930.5587 924.9156 918.9131 913.0853 908.1008 904.2744 900.9919 898.2543 895.4368 893.0002 891.2037 890.0902 889.4622 889.1085 888.5814 887.6976 886.5138 885.1626 883.663 881.6569 879.311 876.7673 873.9616 870.1357 865.7834 861.42 856.7266 851.5555 845.2694 839.9238 838.4945 840.3855 843.8005 847.2618 850.5898 853.8483 856.9365 860.7991 864.985 869.6371 874.6277 879.9301 885.6194 891.6447 897.0103 901.8597 907.3466 914.1275 921.1863 927.9345 934.5389 940.2549 944.7186 947.8583 950.1025 952.007 953.3469 954.0649 954.1924 954.0342 953.5355 952.827 951.9774
945.0815 941.9538 937.9948 933.1946 928.2046 922.9995 917.7213 912.9102 908.7714 905.0673 901.7942 898.7499 895.8989 893.7928 892.4908 891.6739 891.0613 890.2329 889.1144 887.7926 886.346 884.7446 882.6103 880.1731 877.5007 874.4254 870.3377 865.8033 861.416 856.9594 852.2964 846.8878 842.7617 841.8419 843.6013 846.3755 849.3517 852.1346 854.8812 857.725 861.1929 865.2089 869.9048 874.9802 880.4445 886.3236 892.6382 898.2136 903.1266 908.4503 915.0583 922.1879 928.9791 935.4443 941.1462 945.4244 948.477 950.6133 952.6384 954.1014 954.9489 955.0421 954.9573 954.3809 953.6088 952.6302
947.9282 944.8484 941.1429 936.8024 932.2015 927.5868 922.6653 917.9277 913.5361 909.3478 905.5041 902.0956 899.0912 896.54 894.9884 893.8506 892.9828 891.7959 890.3632 888.7764 887.0588 885.131 882.9538 880.4387 877.6278 874.4006 870.2025 865.5939 861.0843 856.6649 852.3893 847.7753 844.728 844.5183 846.4184 849.1564 851.8857 854.4838 856.9454 859.59 862.7195 866.4431 871.038 875.9255 881.2806 887.0282 893.3447 899.0811 904.3245 909.8291 916.2203 923.3441 930.2473 936.7241 942.5717 946.7461 949.7277 951.937 953.7452 955.0283 955.782 955.9232 955.6951 955.0417 954.238 953.1411
951.129 948.145 944.8039 940.9011 936.67 932.2576 927.5762 922.8073 918.074 913.4899 909.1891 905.3953 902.2019 899.5977 897.5294 895.7989 894.591 892.9422 891.2039 889.3853 887.4241 885.2202 882.852 880.1215 877.0916 873.7826 869.6226 865.1028 860.4585 855.9301 851.8696 848.0618 845.6884 846.1608 848.7668 851.6388 854.432 856.9739 859.4402 862.0397 864.997 868.5637 872.9 877.4344 882.4481 887.8401 893.8992 899.6327 905.1274 910.886 917.2075 924.3382 931.4026 937.9608 943.7964 948.0275 950.9379 953.3434 955.0138 956.1088 956.7015 956.8113 956.5357 955.9027 955.021 953.8521
954.6424 951.6895 948.6885 945.1085 941.143 936.8915 932.3361 927.4783 922.3337 917.212 912.5721 908.4432 904.9096 902.0859 899.557 897.3523 895.1257 893.2174 891.3969 889.5222 887.4796 885.1277 882.412 879.3092 875.9114 872.4276 868.529 864.3616 859.813 855.4539 851.8218 848.8331 846.7393 848.3416 850.9296 853.9366 856.7783 859.4764 862.0763 864.6968 867.4837 870.752 874.6362 878.9658 883.7571 888.8367 894.4166 899.9947 905.6414 911.6348 917.892 924.9123 932.0646 938.786 944.4986 949.0177 952.1772 954.6546 956.1681 957.0969 957.5711 957.6542 957.4088 956.863 956.05 954.9364
958.0607 955.3665 952.4375 949.142 945.3805 941.2717 936.7957 931.8823 926.3827 920.8582 915.694 911.0701 906.9174 903.6515 900.0113 896.6525 894.4565 892.6385 890.9073 889.0977 887.0808 884.6745 881.5553 878.1232 874.5432 870.7867 867.0883 863.388 859.2134 855.3014 852.2977 850.1706 849.4258 850.6959 853.0791 855.9841 859.0826 862.0012 864.7211 867.3076 869.9795 872.9588 876.3886 880.4485 884.8377 889.593 894.7654 900.1723 905.894 912.0591 918.1097 924.6422 931.3115 937.7737 943.8118 948.7734 952.3779 955.0652 956.7615 957.745 958.2352 958.3638 958.21 957.8038 957.1356 956.1606
960.894 958.7796 955.9463 952.7848 949.243 945.1909 940.6453 935.5989 929.9551 924.1255 918.5056 913.3478 908.5359 904.311 899.9675 896.0521 893.5551 891.6295 889.8766 888.0575 885.9832 883.4213 879.9517 876.2848 872.5867 868.7526 865.3813 862.1786 858.7535 855.5441 853.306 851.9536 851.9214 853.192 855.5419 858.5465 861.691 864.6449 867.3318 869.9155 872.5527 875.4124 878.6606 882.2261 885.9775 890.2645 894.9843 900.1342 905.7068 911.68 917.3982 923.4687 929.6703 935.9558 942.0059 947.3062 951.5571 954.8074 956.8043 957.9844 958.6233 958.8862 958.8818 958.6534 958.1776 957.3938
964.2581 962.1037 959.3942 956.1661 952.6619 948.6893 944.1202 938.9806 933.1462 926.949 920.7587 914.8948 909.5052 904.5974 899.8481 895.6226 892.6506 890.3833 888.4213 886.4221 884.0671 881.0241 877.5009 873.7806 869.9009 866.6223 864.1003 861.5687 858.8994 856.4611 854.7756 853.8904 854.4398 855.8519 858.3881 861.4185 864.4829 867.2899 869.9329 872.524 875.188 878.066 881.1716 884.3076 887.459 891.0601 895.1844 899.9561 905.1523 910.567 915.918 921.5568 927.4524 933.6743 939.631 945.1519 949.9482 953.8375 956.2791 957.8116 958.7184 959.2115 959.4173 959.3975 959.1389 958.5732
967.3108 965.1505 962.5339 959.4384 955.8107 951.7055 947.1371 942.0316 936.0713 929.4704 922.6484 916.0481 910.132 904.7498 899.7282 895.23 891.7092 888.9471 886.6431 884.3395 881.5281 878.3069 874.9628 871.4163 867.8025 865.7445 863.8837 861.8578 859.6979 857.7299 856.3345 855.7619 856.8495 858.7695 861.4193 864.3675 867.204 869.8979 872.5002 875.0912 877.7753 880.6141 883.5877 886.2408 888.947 891.9667 895.4837 899.8451 904.6456 909.535 914.4783 919.6448 925.3531 931.28 937.0583 942.6803 947.7539 952.0771 955.2401 957.3111 958.5796 959.3594 959.8289 960.0551 960.0288 959.6897
969.7079 967.7512 965.29 962.3677 958.9086 954.8798 950.3574 945.1503 938.978 931.9211 924.4641 917.1603 910.7241 904.9126 899.6189 894.8143 890.7102 887.3806 884.7139 882.0752 879.1697 876.0762 873.3572 870.5815 867.8295 865.7824 864.6552 862.9902 861.1203 859.4501 858.4002 858.3395 859.61 861.748 864.4002 867.1353 869.8359 872.4586 875.0256 877.5938 880.2001 882.8466 885.4836 888.0483 890.5551 893.1839 896.1656 900.0546 904.4507 908.8836 913.359 918.0248 923.6393 929.2436 934.8577 940.3186 945.4905 950.2216 954.1717 956.6843 958.3033 959.3859 960.1402 960.6394 960.8662 960.7632
971.3787 969.7894 967.6154 964.8104 961.4055 957.5892 953.2622 948.0901 941.8101 934.3768 926.4054 918.4968 911.5251 905.2209 899.5774 894.4286 889.7892 885.9086 882.9834 880.3184 877.6664 875.1242 873.097 871.2275 869.3674 867.6812 866.3344 864.7466 862.9365 861.3823 860.5472 860.8444 862.3171 864.5654 867.1226 869.7808 872.4178 874.9944 877.5313 880.0621 882.5957 885.124 887.6522 890.1287 892.5458 894.9998 897.6964 900.9315 904.8259 908.9304 913.0867 917.3209 922.4822 927.5728 932.9365 938.1541 943.3523 948.3037 952.8282 955.861 957.8964 959.3162 960.3774 961.1656 961.6616 961.8035
972.6797 971.1988 969.3161 966.6598 963.5174 959.6003 955.2352 950.2507 944.1248 936.7352 928.558 920.2483 912.73 905.8303 899.7314 894.2332 889.2466 885.1114 881.9637 879.3644 877.0734 875.1248 873.8297 872.8486 871.7162 870.2077 868.5414 866.673 864.785 863.1932 862.4075 862.9873 864.712 867.0609 869.7035 872.3998 875.0253 877.5525 880.04 882.5384 885.046 887.5465 890.0326 892.4842 894.8958 897.2966 899.835 902.67 905.9642 909.772 913.7118 917.4951 921.7507 926.1983 931.201 936.2676 941.4978 946.4982 951.1938 954.9252 957.421 959.1853 960.5568 961.6417 962.4131 962.8082
973.7538 972.0706 970.0483 967.624 964.5958 960.7778 956.6588 952.0913 946.2361 939.1075 930.9574 922.5122 914.4465 906.9069 900.2587 894.3738 889.1443 884.8689 881.6505 879.204 877.2914 875.8896 875.0901 874.8055 874.2213 872.7468 870.7971 868.5197 866.3025 864.6258 863.7889 864.6786 866.7277 869.4155 872.2985 875.1168 877.7552 880.1792 882.5731 885.0326 887.5416 890.0476 892.527 894.9745 897.3898 899.8099 902.2677 904.9111 907.8667 911.1871 914.673 918.1582 921.822 925.7243 930.3525 935.2626 940.4214 945.4943 950.3129 954.3371 956.9957 959.0195 960.6889 962.0684 963.1023 963.7354
974.8865 972.9039 970.6669 968.405 965.4774 961.9703 958.2352 953.8479 948.2672 941.3953 933.3164 924.8665 916.5319 908.6058 901.4147 895.0804 889.631 885.2008 882.0145 879.7292 878.0903 877.0063 876.4397 876.1807 875.6836 874.6406 872.7214 870.1227 867.4924 865.4485 865.0438 866.0576 868.7353 871.9034 875.0818 878.0544 880.6748 882.8916 885.1396 887.5482 890.0447 892.553 895.0206 897.4316 899.8161 902.2375 904.7316 907.3039 910.0619 913.0082 916.0938 919.4572 922.783 926.2267 930.4517 935.0667 940.0549 945.0862 949.8547 953.8091 956.4506 958.7469 960.759 962.4446 963.7144 964.5074
976.0766 974.067 971.8877 969.5458 966.7465 963.5737 959.6082 954.9886 949.5239 942.9681 935.2581 927.1559 919.0216 911.1176 903.4783 896.6785 891.0161 886.3926 883.1666 880.9068 879.3434 878.324 877.7223 877.2844 876.5971 875.7167 874.1816 871.5377 868.8927 866.9495 866.4367 868.2983 871.378 874.8138 878.1437 881.1768 883.739 885.6463 887.7709 890.0845 892.534 895.0119 897.4197 899.7015 901.9216 904.3629 906.9385 909.6483 912.3995 915.2146 918.2486 921.4669 924.5416 927.6702 931.3485 935.4661 940.1685 944.9914 949.5074 953.0587 955.698 958.3807 960.7883 962.7948 964.2701 965.0514
977.8898 975.5346 973.1042 970.3174 967.5315 964.3525 960.2018 955.4343 950.0754 943.8818 936.7064 929.2349 921.5601 913.8939 906.3146 899.3791 893.577 888.8135 885.2415 882.7374 881.0012 879.8239 879.0269 878.3672 877.4318 876.3256 874.8057 872.6046 870.4514 869.1697 869.3804 871.4664 874.6198 878.0358 881.3271 884.239 886.5308 888.4202 890.4221 892.6375 895.0254 897.4298 899.689 901.6545 903.6484 905.9595 908.8397 911.8301 914.6528 917.4199 920.3993 923.5529 926.3243 929.2747 932.6219 936.2549 940.5968 945.1063 949.3762 952.6701 955.3571 958.1886 960.836 963.12 964.8637 965.6908
979.3497 976.8734 974.1292 970.8033 967.8837 964.5997 960.3335 955.4963 950.2529 944.4446 937.9047 931.183 924.1235 917.0148 910.054 903.2923 897.1817 892.0885 888.0842 885.1185 883.0043 881.4789 880.3189 879.2761 878.0861 876.7363 875.1635 873.5382 871.9519 871.4381 872.3994 874.8077 877.9835 881.3224 884.4385 887.0564 889.2069 891.0817 893.0504 895.2375 897.6014 899.8868 901.9097 903.6028 905.4609 907.8326 910.6649 913.7299 916.4213 919.1392 921.9681 924.8312 927.6487 930.6588 933.9749 937.3276 941.1981 945.3247 949.393 952.5475 955.2469 958.08 960.7889 963.1692 964.9872 965.9325
979.5255 976.9952 974.1993 970.8387 967.9175 964.6245 960.3158 955.4524 950.3193 944.8919 939.0566 933.0087 926.5571 920.2381 914.1774 907.7587 901.4612 895.8663 891.3564 887.902 885.2939 883.3146 881.7286 880.2941 878.8274 877.3141 875.8312 874.5732 873.2688 873.4639 875.1334 877.9435 881.2208 884.45 887.3101 889.7748 891.874 893.7419 895.7914 898.0662 900.41 902.5353 904.4012 905.8207 907.6445 909.7808 912.1875 914.8608 917.6049 920.3856 923.137 925.7057 928.5818 931.5901 934.7538 938.0306 941.644 945.4906 949.4223 952.4937 955.1787 957.902 960.5487 962.9312 964.8094 965.7466
978.4394 975.9246 973.3489 970.4418 967.6735 964.5115 960.2324 955.3792 950.3299 945.1622 939.8136 934.2713 928.412 922.6177 918.0047 912.0555 905.6431 899.6821 894.6918 890.8584 887.8804 885.3441 883.3137 881.5092 879.7535 878.0431 876.4363 875.1026 874.4711 875.3183 877.6573 880.8324 884.1501 887.1895 889.9623 892.4363 894.6246 896.558 898.9496 901.2009 903.6003 905.4202 907.1046 908.566 910.1611 911.9197 913.725 915.8748 918.6091 921.4266 924.2391 926.7178 929.4521 932.3187 935.2239 938.4489 941.9036 945.5371 949.3338 952.3008 954.9792 957.5073 960.0179 962.3094 964.1 965.1432
977.0183 974.7032 972.219 969.7223 967.0527 964.0991 959.912 955.1552 950.2363 945.2617 940.2489 935.1935 930.2361 925.5115 921.1929 915.4869 909.2384 903.0511 897.7193 893.6881 890.5195 887.5225 885.0339 882.9215 880.9303 879.1144 877.4939 876.2451 875.8115 877.3553 880.0657 883.3877 886.5099 889.5036 892.3485 894.9719 897.3865 899.6874 902.1118 904.4847 906.6672 908.4568 910.0215 911.4639 912.8454 914.3608 915.6716 917.5731 919.8707 922.3156 924.8319 927.4223 930.2394 933.0989 935.7514 938.8353 942.0743 945.4325 948.958 951.7316 954.4237 956.7656 959.2222 961.5278 963.4495 -9999
975.1492 972.8455 970.5121 968.3294 965.9001 963.0001 958.944 954.4827 949.8962 945.1727 940.4015 935.7118 931.4734 927.4388 923.3174 918.0098 912.1758 906.0755 900.6858 896.2376 892.6379 889.4107 886.6639 884.3932 882.2946 880.5702 879.1324 878.2194 878.2632 879.8043 882.3444 885.3243 888.3827 891.4075 894.4009 897.2506 899.9366 902.4973 905.0291 907.4585 909.6379 911.4572 912.9288 914.3577 915.4959 916.845 918.127 919.6816 921.4227 923.2992 925.2858 927.9996 931.0172 934.0719 936.6 939.3425 942.2374 945.1912 948.167 950.7048 953.3423 955.6852 958.2347 960.5605 -9999 -9999
972.9558 970.6462 968.5571 966.4229 963.9411 960.7874 956.9728 953.0911 949.1569 944.8608 940.3126 935.87 932.0608 928.3801 924.3986 919.4755 914.0533 908.4032 903.2313 898.5999 894.5647 891.0854 888.0935 885.5543 883.683 882.3087 881.1099 880.4922 880.8175 882.3168 884.6163 887.2454 890.0871 893.0132 895.9776 899.1904 902.1859 905.0023 907.6903 910.2019 912.4493 914.3347 915.6458 917.0387 918.2555 919.5072 920.712 922.0147 923.2614 924.6763 926.0989 928.7428 931.6824 934.614 937.1532 939.743 942.4028 945.0626 947.6731 950.128 952.6183 955.0402 957.3658 -9999 -9999 -9999
970.402 968.2553 966.2655 964.0507 961.4075 958.6326 955.2651 951.5612 948.0851 944.3259 940.0302 935.7946 932.2032 928.6739 924.7795 920.1412 915.0472 909.8315 904.8036 900.1489 896.0679 892.6826 889.699 887.1956 885.356 884.3203 883.2062 882.7665 883.2133 884.6812 886.6989 889.1041 891.7891 894.67 897.6964 900.8676 904.2014 907.2758 910.1292 912.7123 914.993 916.8973 918.3766 919.7316 920.9361 922.1331 923.2007 924.3854 925.2258 926.398 927.8341 930.0027 932.4741 934.9907 937.5034 940.0165 942.5183 944.9633 947.2554 949.611 951.887 954.3461 -9999 -9999 -9999 -9999
-9999 965.3271 963.5424 961.2542 959.0765 956.6982 953.8288 950.3496 946.9829 943.5732 939.563 935.5893 932.1306 928.6678 924.8517 920.4441 915.6599 910.8975 906.1017 901.652 897.8112 894.4698 891.5079 889.0728 887.2695 886.1059 885.2091 885.0039 885.4828 886.8835 888.7559 891.0194 893.6016 896.407 899.5886 902.7865 906.1051 909.4559 912.4545 915.0612 917.3477 919.2918 920.8997 922.2739 923.3767 924.5271 925.3124 926.3153 927.2289 928.3488 929.7457 931.5469 933.5329 935.5463 937.9108 940.2433 942.5072 944.6758 946.5149 948.5854 950.6569 -9999 -9999 -9999 -9999 -9999
-9999 -9999 960.2925 958.4916 956.6945 954.5953 951.9117 948.7846 945.5131 942.3453 938.8641 935.315 931.9999 928.5944 924.8862 920.7509 916.3564 912.1274 907.7247 903.5795 899.7291 896.2794 893.3959 891.0459 889.303 888.184 887.5709 887.5832 888.1919 889.3831 891.0142 893.1493 895.7795 898.7563 901.7431 904.9538 908.4437 911.8309 914.7921 917.3173 919.5342 921.4675 923.1383 924.5466 925.4151 926.4712 927.3199 928.217 929.1741 930.3126 931.6744 933.2688 934.9665 936.6957 938.5979 940.4945 942.3136 943.9991 945.5092 947.5353 -9999 -9999 -9999 -9999 -9999 -9999
-9999 -9999 -9999 955.6174 954.0992 952.1451 949.6381 946.6344 943.9006 941.1244 938.1578 935.0655 931.885 928.5391 924.9718 921.1833 917.2974 913.4564 909.1799 905.1027 901.5458 898.4329 895.4217 893.0701 891.3898 890.4291 890.095 890.3727 891.1498 892.1649 893.4692 895.4245 898.163 900.912 903.9017 907.2003 910.9108 914.2304 916.9813 919.3875 921.5134 923.3764 925.0099 926.3689 927.3738 928.3408 929.1855 930.0374 931.0009 932.1434 933.4691 934.933 936.3943 937.8484 939.3065 940.7184 942.09 943.4459 -9999 -9999 -9999 -9999 -9999 -9999 -9999 -9999
-9999 -9999 -9999 -9999 951.189 949.6103 947.4199 944.9327 942.4775 940.0026 937.4543 934.8012 931.7402 928.4619 925.033 921.5194 917.954 914.3197 910.2915 906.3378 903.0505 900.0872 897.3516 895.0202 893.4061 892.6815 892.6393 893.2214 894.2976 895.2258 896.1066 897.6891 899.989 902.8965 906.1896 909.918 913.4619 916.3138 918.8995 921.2446 923.3096 925.1014 926.6995 928.0276 929.0928 930.0298 930.8615 931.6841 932.6263 933.7349 934.9863 936.2941 937.5651 938.7498 939.7942 940.7291 -9999 -9999 -9999 -9999 -9999 -9999 -9999 -9999 -9999 -9999
